Metodologia de Pesquisa
45
21
5
3 9.8 8.5 9.3 10.0 8.8 Alba
3 8.0 8.0 9.0 10.0 8.5 Antonio
9 9.3 8.0 9.4 10.0 8.5 Bruno
6 9.3 8.5 9.8 10.0 8.5 Cesar
3 9.0 7.5 9.0 10.0 10.0 Cristiano
18 6.0 7.5 7.5 6.0 8.0 Diana
0 0.0 0.0 8.0 10.0 9.0 Fernanda
9 6.0 9.5 9.3 7.0 8.3 Gabriel
12 9.5 10.0 10.0 10.0 8.3 Gabriela
0 9.3 10.0 9.3 10.0 8.3 Henrique
9 8.5 6.5 9.3 8.0 8.8 Joana
3 8.5 7.0 7.5 1O.O 7.3 Julia
15 7.8 7.5 9.8 10.0 8.0 Lucas
12 0.0 0.0 0.0 8.0 0.0 Luciano
0 0.0 8.5 9.3 8.0 9.8 Marco
6 9.3 8.5 9.3 10.0 9.8 Marcos
12 9.5 10.0 9.8 10.0 8.0 Murilo
3 8.0 7.5 9.5 10.0 8.5 Rodolfo
12 0.0 4.5 0.0 8.0 8.3 Thiago
9 4.8 7.0 8.8 8.0 7.5 Vinicius
21 0.0 0.0 0.0 0.0 0.0 Wanda
